1 2 3 4 5 6 B 8 9 10 11 12 13 B 15 16 17 18 19 20 B 22 23 24 F 26 27 B 29 30 31 32 33 34 B 36 37 38 39 40 41 B 43 44 45 46 47 48 B F 51 52 53 54 55 B 57 58 59 60 61 62 B 64 65 66 67 68 69 B 71 72 73 74 F 76 B 78 79 80 81 82 83 B 85 86 87 88 89 90 B 92 93 94 95 96 97 
1 F 3 F 5 F 7 F 9 FB 11 F 13 F 15 F 17 F 19 FB 21 F 23 F 25 F 27 F 29 FB 31 F 33 F 35 F 37 F 39 FB 41 F 43 F 45 F 47 F 49 FB 51 F 53 F 55 F 57 F 59 FB 61 F 63 F 65 F 67 F 69 FB 71 F 73 F 75 F 77 F 79 FB 81 F 83 F 85 F 87 F 89 FB 91 F 93 F 95 
1 B 3 B 5 B 7 FB 9 B 11 B 13 B 15 FB 17 B 19 B 21 B 23 FB 25 B 27 B 29 B 31 FB 33 B 
1 2 3 4 5 F 7 8 9 B 11 F 13 14 15 16 17 F 19 B 21 22 23 F 25 26 27 28 29 FB 31 32 33 34 35 F 37 38 39 B 41 F 43 44 45 46 47 F 49 B 51 52 53 F 55 56 57 58 59 FB 61 62 63 64 65 F 
1 2 3 4 5 6 7 8 F 10 11 12 B 14 15 16 17 F 19 20 21 22 23 24 25 B F 28 29 30 31 32 33 34 35 F 37 38 B 40 41 42 43 44 F 46 47 48 49 50 51 B 53 F 55 56 57 58 59 60 61 62 F 64 B 66 67 68 69 70 71 F 73 74 75 76 77 B 79 80 F 82 83 84 85 86 87 88 89 F B 92 93 94 95 96 97 98 F 100 101 102 103 
1 2 3 4 5 B 7 8 9 10 11 B 13 14 15 F 17 B 19 20 21 22 23 B 25 26 27 28 29 B 31 F 33 34 35 B 37 38 39 40 41 B 43 44 45 46 47 FB 49 
1 2 3 B 5 6 7 B F 10 11 B 13 14 15 B 17 F 19 B 21 22 23 B 25 26 F B 29 30 
1 F B F 5 FB 7 F B F 11 FB 13 F B F 
1 2 3 B 5 6 7 B 9 10 11 B 13 14 15 B 17 18 19 B 21 22 23 B F 26 27 B 29 30 31 B 33 34 35 B 37 38 39 B 41 42 43 B 45 46 47 B 49 F 51 B 53 54 55 B 57 58 59 B 61 62 63 B 65 66 67 B 69 70 71 B 73 74 F B 77 78 79 B 81 
1 2 3 B F 6 7 B 9 F 11 B 13 14 F B 17 18 19 FB 21 
1 2 3 4 5 6 7 8 B 10 11 12 13 14 15 16 17 B 19 20 F 22 23 24 25 26 B 28 29 30 31 32 33 34 35 B 37 38 39 40 41 F 43 44 B 46 47 48 49 50 51 52 53 B 55 56 57 58 59 60 61 62 FB 64 65 66 67 68 69 70 71 B 73 74 75 76 77 78 79 80 B 82 83 F 85 86 87 88 89 B 91 92 93 94 95 96 97 98 B 100 101 102 103 104 F 106 107 B 109 110 
1 2 3 4 5 6 7 8 9 10 11 12 13 14 15 B 17 18 19 20 21 22 F 24 25 26 27 28 29 30 31 B 33 34 35 36 37 38 39 40 41 42 43 44 45 F 47 B 49 50 51 52 53 54 55 56 57 58 59 60 61 62 63 B 65 66 67 68 F 70 71 72 73 74 75 76 77 78 79 B 81 82 83 
1 B 3 B 5 B 7 B F B 11 B 13 B 15 B 17 FB 19 B 21 B 23 B 25 B F B 29 B 31 B 33 B 35 
1 2 B 4 5 FB 7 8 B 10 11 FB 13 14 B 16 17 FB 19 20 B 22 23 FB 25 26 B 28 29 FB 31 
1 B 3 B F B 7 B 9 FB 11 B 13 B F B 17 B 19 FB 21 B 23 B F B 27 B 29 FB 31 B 33 B F B 37 B 39 FB 41 B 43 B F B 47 B 49 FB 51 B 
1 2 3 B 5 6 7 B 9 10 F B 13 14 15 B 17 18 19 B 21 F 23 B 25 26 27 B 29 30 31 B F 34 35 B 37 38 39 B 41 42 43 FB 45 46 47 B 49 50 51 B 53 54 F B 57 58 59 B 61 62 63 B 65 
1 2 3 4 5 6 7 8 9 10 F 12 13 14 15 16 17 18 B 20 21 F 23 24 25 26 27 28 29 30 31 32 F 34 35 36 37 B 39 40 41 42 43 F 45 46 47 48 49 50 51 52 53 54 F 56 B 58 59 60 61 62 63 64 65 F 67 68 69 70 71 72 73 74 75 B F 78 79 80 81 82 83 84 85 86 87 F 89 90 91 92 93 94 B 
1 2 3 4 F 6 7 8 9 F 11 12 B 14 F 16 17 18 19 F 21 22 23 24 F B 27 28 29 F 31 32 33 34 F 36 37 38 B F 41 42 43 44 F 46 47 48 49 F 51 B 53 54 F 56 57 58 59 F 61 62 63 64 FB 66 67 68 69 F 71 72 73 74 F 76 77 B 79 F 81 82 83 84 F 86 87 88 89 F B 92 93 94 F 96 97 98 99 
1 2 3 4 F B 7 8 9 F 11 B 13 14 F 16 17 B 19 F 21 22 23 B F 26 27 28 29 FB 31 32 33 34 F B 37 38 39 F 41 B 43 44 F 46 47 B 49 F 51 52 53 B F 56 57 58 59 FB 61 62 63 64 F B 67 68 69 F 71 B 73 74 F 
